4921
4925
4926
4927
4928
4929
4930
4931
4932
4933
4934
4936
4938
4939
4943
4944
4949
4950
4951
4952
4953
4954
4955
4956
4957
4958
4959
6773
6890
6891
6894
6895
6897
6898
6904
6905
6906
6907
6910
6911
6912
6913
6917
6918
6919
6920
6921
6922
6924
6925
6928
6930
6934
6935
6936
6938
6939
6940
6941
6942
6944
6946
6947
6948
6951
6952
6953
6954
6955
6956
6961
6962
6963
6964
6965
6966
6968
6970
6971
6974
6975
6976
6977
6978
6980
6981
6982
6983
6984
6985
6986
6987
6988
6989
6990
6992
6993
6994
6995
6996
6997
6998
7002
7003
7004
7005
7006
7007
7009
7010
7011
7012
7013
7014
7015
7016
7018
7019
7022
7023
7024
7025
7026
7028
7029
7043
7045
